42,2
42,4
0,435
0,386
38,2
38,4
38,1
38,3
44,35
42,1
42,3
0,273
0,270
10,105
10,281
10,143
10,271
10,221
10,229
10,251
10,2
10,3
9,7
9,1
9,5
9,2
9,3
8,14
8,8
8,11
8,10
8,16
8,12
8,1
8,17
8,2
8,3
14,1
14,3
13,1
13,3
32,4
32,3
32,2
32,1
32,0
28,3
28,2
28,1
28,0
27,5
27,4
27,3
27,2
27,1
27,0
26,4
26,3
26,2
26,1
26,0
25,4
25,3
25,2
25,1
25,0
24,4
24,3
24,2
24,1
24,0
23,3
23,2
23,1
23,0
20,3
20,2
20,1
19,3
19,2
19,1
18,3
18,1
12,3
12,2
12,1
11,29
11,28
11,27
11,26
11,25
11,24
11,23
11,22
11,21
11,20
11,19
